0000 0010 0000 0000 0000 0000 0000 0101 
0000 0010 0000 0001 0000 0000 0000 0101 
0000 0010 0000 0010 0000 0000 0000 0000 
0000 0010 0000 0011 0000 0000 0000 0101 
0000 0100 0011 0100 0010 0000 0100 0000 
0000 0100 0000 0000 0001 0000 0000 0010 
0000 0100 0011 1000 0000 0000 1100 0001 
0000 0010 0000 0011 0000 0000 0000 0101 
0000 0010 0000 0011 0000 0000 0000 0010 
0000 0010 0011 1101 0000 0000 0000 0000 
0000 0100 0000 0011 1110 1111 1011 1101 
0000 1000 0000 0000 0000 0000 0011 1110 
0000 0010 0011 1101 0000 0000 0000 0000 
0000 0100 0000 0111 1110 1111 1011 1101 
0000 0010 0011 1101 0000 0000 0100 0000 
0000 0100 0000 0111 1110 1111 1011 1101 
/#j ump *cal cula te\ 
0000 0110 0000 0010 0000 0000 0011 1100 
0000 0010 0011 1101 0000 0000 0000 0000 
0000 0100 0000 0011 1110 1111 1011 1101 
0000 1010 0000 0000 0000 0000 0011 1110 
0000 0010 0011 1101 0000 0000 0000 0000 
0000 0100 0000 0111 1110 1111 1011 1101 
0000 0110 0000 0000 0000 0000 0000 0010 
