
0000 0010 0000 0000 0000 0000 0000 0000 
0000 0010 0000 0001 0000 0000 0000 0000 
0000 0010 0000 0010 0000 0000 0000 0001 
0000 0010 0011 1111 0000 0000 0011 0000 
0000 1110 0011 1111 0000 0000 0000 0010 
0000 0010 0000 0011 0000 0000 0000 0000 
0001 1010 0000 0000 0000 0000 0000 0011 
0000 0010 0000 0100 0001 0000 0000 0000 
0000 0010 0000 0101 0001 0000 0000 0000 
0000 0100 0011 1000 0110 0001 0000 0011 
0000 0100 0011 0100 0111 0001 0100 0110 
0000 0110 0000 1000 0000 0000 0000 0111 
0000 0010 0000 0100 0000 0000 1111 1111 
0000 0100 0001 0000 0101 0001 0000 0011 
0000 0110 0000 1001 0000 0000 0000 0101 
0000 0010 0000 0100 0000 0001 0000 0000 
0000 0010 0000 0101 0000 0000 1111 1111 
0000 0100 0011 1000 0110 0001 0000 0011 
0000 0100 0001 0000 0111 0001 0100 0110 
0000 0110 0000 1010 0000 0000 0000 0111 
0000 0010 0000 0100 0000 0000 0000 0000 
0000 0010 0000 0101 0000 0000 1111 1111 
0000 0100 0011 1000 0110 0001 0000 0011 
0000 0100 0001 0000 0111 0001 0100 0110 
0000 0110 0000 0011 0000 0000 0000 0111 
0000 0010 0000 0100 0000 0000 0000 0001 
0000 0100 0010 0100 0101 0001 0000 1000 
0000 0110 0000 0010 0000 0000 0000 0101 
0001 0000 0011 1111 0000 0000 0000 0010 
0000 0010 0000 0100 0001 0011 1000 1000 
0000 0100 0000 0000 0101 0001 0000 1001 
0000 0110 0000 0011 0000 0000 0000 0101 
0000 1010 0000 1000 0000 0000 0000 0011 
0000 0010 0000 0100 0001 0000 0000 0000 
0000 0010 0000 0101 0001 0000 0000 0000 
0000 0100 0011 0100 0110 0001 0100 0100 
0000 0110 0000 0011 0000 0000 0000 0110 
0000 0010 0000 0100 0000 0000 0000 0001 
0000 0100 0001 0000 0101 0001 0000 1000 
0000 0110 0000 0010 0000 0000 0000 0101 
0000 0010 0011 1111 0000 0000 0000 0111 
0001 0000 0011 1111 0000 0000 0000 0010 
0000 0010 0000 0100 0000 0001 0000 0000 
0000 0100 0011 0100 0101 0001 0000 0001 
0000 0100 0000 0000 0110 0000 0000 0011 
0000 0100 0000 0000 0111 0001 0100 0110 
0000 0110 0000 1001 0000 0000 0000 0111 
0001 1110 0000 0000 0000 0000 0000 1001 
0000 0010 0000 0100 0000 0000 0000 0001 
0000 0100 0000 0000 0101 0001 0000 0000 
0000 0110 0000 0000 0000 0000 0000 0101 
0000 0010 0000 0100 0000 0000 0000 0010 
0000 0100 0001 0000 0101 0001 0000 1000 
0000 0110 0000 0010 0000 0000 0000 0101 
0000 0010 0011 1111 0000 0000 0000 0111 
0001 0000 0011 1111 0000 0000 0000 0010 
0000 0010 0000 0100 0000 0001 0000 0000 
0000 0100 0011 0100 0101 0001 0000 0001 
0000 0100 0000 0000 0110 0000 0000 0011 
0000 0100 0000 0000 0111 0001 0100 0110 
0000 0110 0000 1001 0000 0000 0000 0111 
0001 1110 0000 0000 0000 0000 0000 1001 
0000 0010 0000 0100 0000 0000 0000 0001 
0000 0100 0000 0000 0101 0001 0000 0000 
0000 0110 0000 0000 0000 0000 0000 0101 
0000 0010 0000 0100 0000 0000 0000 0100 
0000 0100 0001 0000 0101 0001 0000 1000 
0000 0110 0000 0010 0000 0000 0000 0101 
0000 0010 0011 1111 0000 0000 0000 0111 
0001 0000 0011 1111 0000 0000 0000 0010 
0000 0010 0000 0100 0000 0001 0000 0000 
0000 0100 0011 0100 0101 0001 0000 0001 
0000 0100 0000 0000 0110 0000 0000 0011 
0000 0100 0000 0000 0111 0001 0100 0110 
0000 0110 0000 1001 0000 0000 0000 0111 
0001 1110 0000 0000 0000 0000 0000 1001 
0000 0010 0000 0100 0000 0000 0000 0001 
0000 0100 0000 0000 0101 0001 0000 0000 
0000 0110 0000 0000 0000 0000 0000 0101 
0000 0010 0000 0100 0000 0000 0000 1000 
0000 0100 0001 0000 0101 0001 0000 1000 
0000 0110 0000 0010 0000 0000 0000 0101 
0000 0010 0011 1111 0000 0000 0000 0111 
0001 0000 0011 1111 0000 0000 0000 0010 
0000 0010 0000 0100 0000 0001 0000 0000 
0000 0100 0011 0100 0101 0001 0000 0001 
0000 0100 0000 0000 0110 0000 0000 0011 
0000 0100 0000 0000 0111 0001 0100 0110 
0000 0110 0000 1001 0000 0000 0000 0111 
0001 1110 0000 0000 0000 0000 0000 1001 
0000 0010 0000 0100 0000 0000 0000 0001 
0000 0100 0000 0000 0101 0001 0000 0000 
0000 0110 0000 0000 0000 0000 0000 0101 
0000 0010 0000 0100 0000 0000 0001 0000 
0000 0100 0001 0000 0101 0001 0000 1000 
0000 0110 0000 0010 0000 0000 0000 0101 
0000 0010 0011 1111 0000 0000 0000 0111 
0001 0000 0011 1111 0000 0000 0000 0010 
0000 0010 0000 0100 0000 0001 0000 0000 
0000 0100 0011 0100 0101 0001 0000 0001 
0000 0100 0000 0000 0110 0000 0000 0011 
0000 0100 0000 0000 0111 0001 0100 0110 
0000 0110 0000 1001 0000 0000 0000 0111 
0001 1110 0000 0000 0000 0000 0000 1001 
0000 0010 0000 0100 0000 0000 0000 0001 
0000 0100 0000 0000 0101 0001 0000 0000 
0000 0110 0000 0000 0000 0000 0000 0101 
0000 0010 0000 0100 0000 0000 0000 0001 
0000 0100 0000 0000 0101 0001 0000 0001 
0000 0110 0000 0001 0000 0000 0000 0101 
0000 0010 0000 0100 0000 0000 0010 0000 
0000 0100 0001 0000 0101 0001 0000 1000 
0000 0110 0000 0010 0000 0000 0000 0101 
0000 0010 0011 1111 0000 0000 0000 0111 
0001 0000 0011 1111 0000 0000 0000 0010 
0000 0010 0000 0100 0000 0001 0000 0000 
0000 0100 0011 0100 0101 0001 0000 0001 
0000 0100 0000 0000 0110 0000 0000 0011 
0000 0100 0000 0000 0111 0001 0100 0110 
0000 0110 0000 1001 0000 0000 0000 0111 
0001 1110 0000 0000 0000 0000 0000 1001 
0000 0010 0000 0100 0000 0000 0000 0001 
0000 0100 0000 0000 0101 0001 0000 0000 
0000 0110 0000 0000 0000 0000 0000 0101 
0000 0010 0000 0100 0000 0000 0100 0000 
0000 0100 0001 0000 0101 0001 0000 1000 
0000 0110 0000 0010 0000 0000 0000 0101 
0000 0010 0011 1111 0000 0000 0000 0111 
0001 0000 0011 1111 0000 0000 0000 0010 
0000 0010 0000 0100 0000 0001 0000 0000 
0000 0100 0011 0100 0101 0001 0000 0001 
0000 0100 0000 0000 0110 0000 0000 0011 
0000 0100 0000 0000 0111 0001 0100 0110 
0000 0110 0000 1001 0000 0000 0000 0111 
0001 1110 0000 0000 0000 0000 0000 1001 
0000 0010 0000 0100 0000 0000 0000 0001 
0000 0100 0000 0000 0101 0001 0000 0000 
0000 0110 0000 0000 0000 0000 0000 0101 
0000 0010 0000 0100 0000 0000 1000 0000 
0000 0100 0001 0000 0101 0001 0000 1000 
0000 0110 0000 0010 0000 0000 0000 0101 
0000 0010 0011 1111 0000 0000 0000 0111 
0001 0000 0011 1111 0000 0000 0000 0010 
0000 0010 0000 0100 0000 0001 0000 0000 
0000 0100 0011 0100 0101 0001 0000 0001 
0000 0100 0000 0000 0110 0000 0000 0011 
0000 0100 0000 0000 0111 0001 0100 0110 
0000 0110 0000 1001 0000 0000 0000 0111 
0001 1110 0000 0000 0000 0000 0000 1001 
0000 0010 0000 0100 0000 0000 0000 0001 
0000 0100 0000 0000 0101 0001 0000 0000 
0000 0110 0000 0000 0000 0000 0000 0101 
0000 0010 0000 0100 0000 0001 0000 0000 
0000 0100 0001 0000 0101 0001 0000 1000 
0000 0110 0000 0010 0000 0000 0000 0101 
0000 0010 0011 1111 0000 0000 0000 0111 
0001 0000 0011 1111 0000 0000 0000 0010 
0000 0010 0000 0100 0000 0001 0000 0000 
0000 0100 0011 0100 0101 0001 0000 0001 
0000 0100 0000 0000 0110 0000 0000 0011 
0000 0100 0000 0000 0111 0001 0100 0110 
0000 0110 0000 1001 0000 0000 0000 0111 
0001 1110 0000 0000 0000 0000 0000 1001 
0000 0010 0000 0100 0000 0000 0000 0001 
0000 0100 0000 0000 0101 0001 0000 0000 
0000 0110 0000 0000 0000 0000 0000 0101 
0000 0010 0000 0100 0000 0010 0000 0000 
0000 0100 0001 0000 0101 0001 0000 1000 
0000 0110 0000 0010 0000 0000 0000 0101 
0000 0010 0011 1111 0000 0000 0000 0111 
0001 0000 0011 1111 0000 0000 0000 0010 
0000 0010 0000 0100 0000 0001 0000 0000 
0000 0100 0011 0100 0101 0001 0000 0001 
0000 0100 0000 0000 0110 0000 0000 0011 
0000 0100 0000 0000 0111 0001 0100 0110 
0000 0110 0000 1001 0000 0000 0000 0111 
0001 1110 0000 0000 0000 0000 0000 1001 
0000 0010 0000 0100 0000 0000 0000 0100 
0000 0100 0000 0100 0101 0001 0000 0000 
0000 0110 0000 0000 0000 0000 0000 0101 
0000 0010 0000 0100 0000 0000 0000 0001 
0000 0100 0000 0000 0101 0001 0000 0001 
0000 0110 0000 0001 0000 0000 0000 0101 
0000 0010 0000 0100 0000 0100 0000 0000 
0000 0100 0001 0000 0101 0001 0000 1000 
0000 0110 0000 0010 0000 0000 0000 0101 
0000 0010 0011 1111 0000 0000 0000 0111 
0001 0000 0011 1111 0000 0000 0000 0010 
0000 0010 0000 0100 0000 0001 0000 0000 
0000 0100 0011 0100 0101 0001 0000 0001 
0000 0100 0000 0000 0110 0000 0000 0011 
0000 0100 0000 0000 0111 0001 0100 0110 
0000 0110 0000 1001 0000 0000 0000 0111 
0001 1110 0000 0000 0000 0000 0000 1001 
0000 0010 0000 0100 0000 0000 0000 0001 
0000 0100 0000 0000 0101 0001 0000 0000 
0000 0110 0000 0000 0000 0000 0000 0101 
0000 0010 0000 0100 0000 1000 0000 0000 
0000 0100 0001 0000 0101 0001 0000 1000 
0000 0110 0000 0010 0000 0000 0000 0101 
0000 0010 0011 1111 0000 0000 0000 0111 
0001 0000 0011 1111 0000 0000 0000 0010 
0000 0010 0000 0100 0000 0001 0000 0000 
0000 0100 0011 0100 0101 0001 0000 0001 
0000 0100 0000 0000 0110 0000 0000 0011 
0000 0100 0000 0000 0111 0001 0100 0110 
0000 0110 0000 1001 0000 0000 0000 0111 
0001 1110 0000 0000 0000 0000 0000 1001 
0000 0010 0000 0100 0000 0000 0000 0001 
0000 0100 0000 0000 0101 0001 0000 0000 
0000 0110 0000 0000 0000 0000 0000 0101 
0000 0010 0000 0100 0001 0000 0000 0000 
0000 0100 0001 0000 0101 0001 0000 1000 
0000 0110 0000 0010 0000 0000 0000 0101 
0000 0010 0011 1111 0000 0000 0000 0111 
0001 0000 0011 1111 0000 0000 0000 0010 
0000 0010 0000 0100 0000 0001 0000 0000 
0000 0100 0011 0100 0101 0001 0000 0001 
0000 0100 0000 0000 0110 0000 0000 0011 
0000 0100 0000 0000 0111 0001 0100 0110 
0000 0110 0000 1001 0000 0000 0000 0111 
0001 1110 0000 0000 0000 0000 0000 1001 
0000 0010 0000 0100 0000 0000 0000 0001 
0000 0100 0000 0000 0101 0001 0000 0000 
0000 0110 0000 0000 0000 0000 0000 0101 
0000 0010 0000 0100 0010 0000 0000 0000 
0000 0100 0001 0000 0101 0001 0000 1000 
0000 0110 0000 0010 0000 0000 0000 0101 
0000 0010 0011 1111 0000 0000 0000 0111 
0001 0000 0011 1111 0000 0000 0000 0010 
0000 0010 0000 0100 0000 0001 0000 0000 
0000 0100 0011 0100 0101 0001 0000 0001 
0000 0100 0000 0000 0110 0000 0000 0011 
0000 0100 0000 0000 0111 0001 0100 0110 
0000 0110 0000 1001 0000 0000 0000 0111 
0001 1110 0000 0000 0000 0000 0000 1001 
0000 0010 0000 0100 0000 0000 0000 0001 
0000 0100 0000 0000 0101 0001 0000 0000 
0000 0110 0000 0000 0000 0000 0000 0101 
0000 0010 0000 0100 0100 0000 0000 0000 
0000 0100 0001 0000 0101 0001 0000 1000 
0000 0110 0000 0010 0000 0000 0000 0101 
0000 0010 0011 1111 0000 0000 0000 0111 
0001 0000 0011 1111 0000 0000 0000 0010 
0000 0010 0000 0100 0000 0001 0000 0000 
0000 0100 0011 0100 0101 0001 0000 0001 
0000 0100 0000 0000 0110 0000 0000 0011 
0000 0100 0000 0000 0111 0001 0100 0110 
0000 0110 0000 1001 0000 0000 0000 0111 
0001 1110 0000 0000 0000 0000 0000 1001 
0000 0010 0000 0100 0000 0000 0000 0100 
0000 0100 0000 0100 0101 0001 0000 0000 
0000 0110 0000 0000 0000 0000 0000 0101 
0000 0010 0000 0100 0000 0000 0000 0001 
0000 0100 0000 0000 0101 0001 0000 0001 
0000 0110 0000 0001 0000 0000 0000 0101 
0000 0010 0000 0100 1000 0000 0000 0000 
0000 0100 0001 0000 0101 0001 0000 1000 
0000 0110 0000 0010 0000 0000 0000 0101 
0000 0010 0011 1111 0000 0000 0000 0111 
0001 0000 0011 1111 0000 0000 0000 0010 
0000 0010 0000 0100 0000 0001 0000 0000 
0000 0100 0011 0100 0101 0001 0000 0001 
0000 0100 0000 0000 0110 0000 0000 0011 
0000 0100 0000 0000 0111 0001 0100 0110 
0000 0110 0000 1001 0000 0000 0000 0111 
0001 1110 0000 0000 0000 0000 0000 1001 
0000 0010 0000 0100 0000 0000 0000 0001 
0000 0100 0000 0000 0101 0001 0000 0000 
0000 0110 0000 0000 0000 0000 0000 0101 
0000 0010 0000 0100 0000 0000 0000 0000 
0000 0100 0001 0000 0101 0001 0000 1000 
0000 0110 0000 0010 0000 0000 0000 0101 
0000 0010 0011 1111 0000 0000 0000 0111 
0001 0000 0011 1111 0000 0000 0000 0010 
0000 0010 0000 0100 0000 0001 0000 0000 
0000 0100 0011 0100 0101 0001 0000 0001 
0000 0100 0000 0000 0110 0000 0000 0011 
0000 0100 0000 0000 0111 0001 0100 0110 
0000 0110 0000 1001 0000 0000 0000 0111 
0001 1110 0000 0000 0000 0000 0000 1001 
0000 0010 0000 0100 0000 0000 0000 0001 
0000 0100 0000 0000 0101 0001 0000 0000 
0000 0110 0000 0000 0000 0000 0000 0101 
0000 0010 0000 0100 0000 0000 0000 0000 
0000 0100 0001 0000 0101 0001 0000 1000 
0000 0110 0000 0010 0000 0000 0000 0101 
0000 0010 0011 1111 0000 0000 0000 0111 
0001 0000 0011 1111 0000 0000 0000 0010 
0000 0010 0000 0100 0000 0001 0000 0000 
0000 0100 0011 0100 0101 0001 0000 0001 
0000 0100 0000 0000 0110 0000 0000 0011 
0000 0100 0000 0000 0111 0001 0100 0110 
0000 0110 0000 1001 0000 0000 0000 0111 
0001 1110 0000 0000 0000 0000 0000 1001 
0000 0010 0000 0100 0000 0000 0000 0001 
0000 0100 0000 0000 0101 0001 0000 0000 
0000 0110 0000 0000 0000 0000 0000 0101 
0000 0010 0000 0100 0000 0000 0000 0000 
0000 0100 0001 0000 0101 0001 0000 1000 
0000 0110 0000 0010 0000 0000 0000 0101 
0000 0010 0011 1111 0000 0000 0000 0111 
0001 0000 0011 1111 0000 0000 0000 0010 
0000 0010 0000 0100 0000 0001 0000 0000 
0000 0100 0011 0100 0101 0001 0000 0001 
0000 0100 0000 0000 0110 0000 0000 0011 
0000 0100 0000 0000 0111 0001 0100 0110 
0000 0110 0000 1001 0000 0000 0000 0111 
0001 1110 0000 0000 0000 0000 0000 1001 
0000 0010 0000 0100 0000 0000 0000 0001 
0000 0100 0000 0000 0101 0001 0000 0000 
0000 0110 0000 0000 0000 0000 0000 0101 
0000 0010 0000 0100 0000 0000 0000 0000 
0000 0100 0001 0000 0101 0001 0000 1000 
0000 0110 0000 0010 0000 0000 0000 0101 
0000 0010 0011 1111 0000 0000 0000 0111 
0001 0000 0011 1111 0000 0000 0000 0010 
0000 0010 0000 0100 0000 0001 0000 0000 
0000 0100 0011 0100 0101 0001 0000 0001 
0000 0100 0000 0000 0110 0000 0000 0011 
0000 0100 0000 0000 0111 0001 0100 0110 
0000 0110 0000 1001 0000 0000 0000 0111 
0001 1110 0000 0000 0000 0000 0000 1001 
0000 0010 0000 0100 0000 0000 0000 0100 
0000 0100 0000 0100 0101 0001 0000 0000 
0000 0110 0000 0000 0000 0000 0000 0101 
0000 0010 0000 0100 0000 0000 0000 0001 
0000 0100 0000 0000 0101 0001 0000 0001 
0000 0110 0000 0001 0000 0000 0000 0101 
0000 0010 0000 0100 0000 0000 0000 0000 
0000 0100 0001 0000 0101 0001 0000 1000 
0000 0110 0000 0010 0000 0000 0000 0101 
0000 0010 0011 1111 0000 0000 0000 0111 
0001 0000 0011 1111 0000 0000 0000 0010 
0000 0010 0000 0100 0000 0001 0000 0000 
0000 0100 0011 0100 0101 0001 0000 0001 
0000 0100 0000 0000 0110 0000 0000 0011 
0000 0100 0000 0000 0111 0001 0100 0110 
0000 0110 0000 1001 0000 0000 0000 0111 
0001 1110 0000 0000 0000 0000 0000 1001 
0000 0010 0000 0100 0000 0000 0000 0001 
0000 0100 0000 0000 0101 0001 0000 0000 
0000 0110 0000 0000 0000 0000 0000 0101 
0000 0010 0000 0100 0000 0000 0000 0000 
0000 0100 0001 0000 0101 0001 0000 1000 
0000 0110 0000 0010 0000 0000 0000 0101 
0000 0010 0011 1111 0000 0000 0000 0111 
0001 0000 0011 1111 0000 0000 0000 0010 
0000 0010 0000 0100 0000 0001 0000 0000 
0000 0100 0011 0100 0101 0001 0000 0001 
0000 0100 0000 0000 0110 0000 0000 0011 
0000 0100 0000 0000 0111 0001 0100 0110 
0000 0110 0000 1001 0000 0000 0000 0111 
0001 1110 0000 0000 0000 0000 0000 1001 
0000 0010 0000 0100 0000 0000 0000 0001 
0000 0100 0000 0000 0101 0001 0000 0000 
0000 0110 0000 0000 0000 0000 0000 0101 
0000 0010 0000 0100 0000 0000 0000 0000 
0000 0100 0001 0000 0101 0001 0000 1000 
0000 0110 0000 0010 0000 0000 0000 0101 
0000 0010 0011 1111 0000 0000 0000 0111 
0001 0000 0011 1111 0000 0000 0000 0010 
0000 0010 0000 0100 0000 0001 0000 0000 
0000 0100 0011 0100 0101 0001 0000 0001 
0000 0100 0000 0000 0110 0000 0000 0011 
0000 0100 0000 0000 0111 0001 0100 0110 
0000 0110 0000 1001 0000 0000 0000 0111 
0001 1110 0000 0000 0000 0000 0000 1001 
0000 0010 0000 0100 0000 0000 0000 0001 
0000 0100 0000 0000 0101 0001 0000 0000 
0000 0110 0000 0000 0000 0000 0000 0101 
0000 0010 0000 0100 0000 0000 0000 0000 
0000 0100 0001 0000 0101 0001 0000 1000 
0000 0110 0000 0010 0000 0000 0000 0101 
0000 0010 0011 1111 0000 0000 0000 0111 
0001 0000 0011 1111 0000 0000 0000 0010 
0000 0010 0000 0100 0000 0001 0000 0000 
0000 0100 0011 0100 0101 0001 0000 0001 
0000 0100 0000 0000 0110 0000 0000 0011 
0000 0100 0000 0000 0111 0001 0100 0110 
0000 0110 0000 1001 0000 0000 0000 0111 
0001 1110 0000 0000 0000 0000 0000 1001 
0000 0010 0000 0100 0000 0000 0000 0001 
0000 0100 0000 0000 0101 0001 0000 0000 
0000 0110 0000 0000 0000 0000 0000 0101 
0000 0010 0000 0100 0000 0000 0000 0000 
0000 0100 0001 0000 0101 0001 0000 1000 
0000 0110 0000 0010 0000 0000 0000 0101 
0000 0010 0011 1111 0000 0000 0000 0111 
0001 0000 0011 1111 0000 0000 0000 0010 
0000 0010 0000 0100 0000 0001 0000 0000 
0000 0100 0011 0100 0101 0001 0000 0001 
0000 0100 0000 0000 0110 0000 0000 0011 
0000 0100 0000 0000 0111 0001 0100 0110 
0000 0110 0000 1001 0000 0000 0000 0111 
0001 1110 0000 0000 0000 0000 0000 1001 
0000 0010 0000 0100 0000 0000 0000 0001 
0000 0100 0000 0000 0101 0001 0000 0000 
0000 0110 0000 0000 0000 0000 0000 0101 
0000 0010 0000 0100 0000 0000 0000 0101 
0000 0100 0000 0100 0101 0001 0000 0001 
0000 0110 0000 0001 0000 0000 0000 0101 
0010 0010 0011 1111 0000 0001 1001 0010 
0000 1100 0000 0000 0000 0000 0011 1111 
0000 0000 0000 0000 0000 0000 0000 0000 
